8.476865553389669738e-01
5.871291766500219556e-01
1.076542458526585921e-02
2.784748212274364976e-01
3.945284331960802193e-01
2.412337155257543442e-01
4.314007919389561962e-02
1.920193180149865064e-02
1.018395486419425566e-01
8.947727444363406946e-02
2.231191743591298682e-02
4.974163553916666203e-03
5.192957697064926048e-02
9.938766500350093569e-02
1.002265139448900166e-01
6.144453930230275862e-02
1.911220265702584520e-02
1.753034552050669603e-03
8.345745351139854940e-03
1.628467228552021862e-02
1.223558554952830502e-02
3.389387110463437658e-03
3.316945135352633578e-03
1.596203462467504774e-02
3.172844049659218069e-02
3.932061192749525258e-02
3.475910880813992687e-02
2.225933371627974999e-02
9.894082180204377686e-03
3.073498070778279967e-03
1.655691246692514440e-03
2.197518836416501031e-03
2.098121637960970176e-03
1.646340158408476917e-03
2.830464152925760146e-03
6.689115246221288835e-03
1.208800823720390660e-02
1.630297277539116685e-02
1.728354492530204123e-02
1.471226914389833773e-02
1.036517724966168341e-02
6.154080816237805784e-03
3.456771387930879236e-03
2.259918275595795834e-03
1.986571493168942659e-03
2.247490867321122465e-03
3.248922416050126216e-03
5.139828370613885866e-03
7.609798042731319434e-03
9.805026202575617411e-03
1.085725848333074506e-02
1.036084371677448157e-02
8.690831078627558881e-03
6.589580510879433639e-03
4.804425636921627607e-03
3.695553474342139211e-03
3.247883004474205748e-03
3.363917659260695636e-03
3.941758475487167068e-03
5.016888074349967752e-03
6.331386397914973152e-03
7.464980919453245711e-03
8.101068592804128166e-03
7.997272606567684683e-03
7.109229248950077462e-03
6.026899199105262284e-03
5.009347742259695480e-03
4.426261454543167773e-03
4.154982391498029948e-03
4.456588811892481239e-03
5.259599595040853615e-03
6.331334989365999810e-03
7.254306578667546468e-03
7.578403797396604524e-03
7.298005533863727301e-03
6.744677159759904228e-03
6.027774964788124024e-03
5.464380761233456063e-03
5.060633157025873352e-03
5.091855992487737126e-03
5.342889478037293749e-03
5.693693183509762612e-03
6.042752827888908662e-03
6.317521990349184158e-03
6.467829684545400859e-03
6.486413361465492855e-03
6.219202159606695979e-03
5.743265325410473743e-03
5.311599616503515087e-03
5.045815548884835522e-03
5.095394128871832962e-03
5.476174561354740788e-03
6.017331970955663856e-03
6.237123700327917852e-03
6.203474058980473771e-03
5.781904781989699593e-03
5.321379835308781558e-03
5.221231179441399028e-03
5.228839386000605494e-03
5.505299549726672126e-03
5.668054280303369552e-03
5.965893083790363427e-03
6.062344794963592243e-03
6.070304713134522245e-03
5.878000565682217626e-03
5.571419863036775055e-03
5.361186223180935961e-03
5.354304279856614279e-03
5.521867367091704004e-03
5.740680996201619202e-03
5.820877977750327226e-03
5.828111553716874838e-03
5.906891232387190271e-03
5.925097238623111551e-03
6.053825799863910007e-03
6.080710130089816978e-03
6.021985328105716739e-03
5.867720252263897152e-03
5.816345746847306764e-03
5.855039993159505407e-03
6.078795498075106885e-03
6.207231669424162490e-03
6.285468622139078754e-03
6.297847535022271792e-03
6.271321313821909271e-03
6.004694871461158101e-03
5.647109606426115036e-03
5.332790318839042421e-03
5.241807648221574745e-03
5.143205247086890530e-03
5.239671142343915733e-03
5.436771057328981804e-03
5.926521058938982733e-03
6.358301591406045894e-03
6.544356559810893259e-03
6.438999858383365194e-03
5.900613446619185076e-03
5.435235045430863998e-03
5.438582722256501967e-03
5.311398482986784408e-03
5.345791555807055673e-03
5.677232458481284993e-03
5.841935281479693209e-03
6.145705054507066833e-03
6.131475341260128609e-03
6.012039276969582957e-03
5.841503656291324731e-03
5.639192433383177772e-03
5.411339331982789602e-03
5.396240184111666949e-03
5.325699496689706436e-03
5.422175320743627402e-03
5.782457161688570046e-03
6.144111931465245924e-03
6.388014340767966814e-03
6.465878407752811974e-03
6.586699395963679926e-03
6.029045869512583700e-03
5.465137728530633510e-03
5.092052984109862734e-03
5.121495828505628900e-03
5.884617865836383466e-03
6.347202392925410663e-03
6.525377538310617176e-03
6.130847516181203716e-03
5.662075291772095120e-03
5.391978185290247083e-03
5.332634092816701532e-03
5.297443691958503287e-03
5.627836327541824168e-03
5.927164941609386339e-03
6.395866066555622176e-03
6.531485621665389374e-03
6.081340063265661122e-03
5.772708368936951828e-03
5.535629850896284232e-03
5.580795577476815872e-03
5.773468683360483134e-03
6.245982717609566137e-03
6.528565231749605680e-03
6.279422965092651410e-03
5.983626228816874004e-03
5.681229256329856092e-03
5.316961421632848683e-03
4.905322838247849759e-03
4.903931737569200422e-03
5.394530699901922688e-03
6.200403324499226265e-03
6.793585839155791284e-03
6.817938603440931722e-03
6.039403966845768856e-03
5.225864154025261499e-03
4.785390898763286494e-03
4.755509506891630878e-03
5.391271398390462544e-03
6.450202850614039640e-03
7.439049054429824892e-03
7.539068967493789408e-03
6.699058642707145239e-03
5.876655946490894067e-03
