7.788845493534835018e-02
8.244965936040166143e-01
6.025775604129256502e-01
3.174401988557118415e-03
1.905686011611251729e-01
3.020032762466670073e-01
1.600940876216138120e-01
-1.945819959812578048e-03
1.621675314245951682e-02
1.169821157100195963e-01
1.057749766456208551e-01
2.409698117135183892e-02
-2.646388992611736768e-02
4.929892133910263041e-03
4.005039098427520816e-02
3.830792759858325791e-02
1.130797391417015518e-02
-2.143394322872205215e-02
-2.228831981286183428e-02
6.727694349647039829e-03
1.322574062445047716e-02
5.713652526382895225e-03
-1.471327428089463929e-02
-1.714313933998656836e-02
-1.666876201788469736e-02
-1.173410494937265902e-02
-2.475695847040215725e-03
-1.075862294037599476e-02
-1.147337779803558888e-02
-1.941010692563405193e-02
-2.650089491639229244e-02
-2.104549971857982982e-02
-2.497186813728458077e-03
-1.507639372913893716e-02
-9.361398089230643649e-03
-2.450167482264564711e-02
-2.791008802956040924e-02
-1.584961859294065079e-02
-4.139508703120409194e-03
-1.650631497480881116e-02
-1.361261127910484703e-02
-1.979434064039553576e-02
-1.648229572098336426e-02
-2.141675959639965932e-02
-1.818137629298188784e-02
-1.410215183698371177e-02
-2.062565024844387196e-02
-1.748538655236919759e-02
-1.778476576434973033e-02
-2.023148845885835989e-02
-1.976558512308579374e-02
-1.512269316335657088e-02
-2.456628967021079468e-02
-2.961727304039762920e-02
-2.363367172036578978e-02
-2.558392984098123435e-02
-1.853166131549288664e-02
-1.487855158041306858e-02
-1.929079395083599380e-02
-1.003823448373308835e-02
-2.264592444644342173e-02
-1.941278167603277538e-02
-2.691655433778006312e-02
-1.913711741060386551e-02
-1.492589631425000896e-02
-2.112262729602187861e-02
-1.142202364279421012e-02
-1.695526844918071596e-02
-1.808967831135177562e-02
-3.082992937335204964e-02
-2.429638206259743249e-02
-2.063651731950533197e-02
-1.253094259185649761e-02
-2.281624119066316680e-02
-1.992105787094722302e-02
-2.537780026928393440e-02
-2.108469670666202056e-02
-2.759818004087044585e-02
-2.153317950831135086e-02
-2.016095030726106074e-02
-1.489314432277288880e-02
-2.688563785777509096e-02
-1.883252128871704123e-02
-2.248827295472732857e-02
-1.683291093246142012e-02
-1.543299977303469461e-02
-2.786699922949198438e-02
-2.107471347842704290e-02
-2.085492699365354419e-02
-2.135186864010640839e-02
-1.692995034433031343e-02
-2.543458680683774453e-02
-2.120121966232724198e-02
-2.394140311287240586e-02
-1.686159649510710068e-02
-1.594049515230211433e-02
-2.262981446346024050e-02
-2.108628175951388073e-02
-2.110970244817589325e-02
-2.834312920531223412e-02
-2.360696092414604763e-02
-1.408563443191512832e-02
-2.611371518297778138e-02
-9.348103699420740043e-03
-2.426271065446683473e-02
-2.210812295527020410e-02
-2.067748911334721384e-02
-2.189798592250058462e-02
-2.463142751805724728e-02
-2.010853645032018022e-02
-1.717160772464265683e-02
-2.829483573184976564e-02
-2.167693673881210259e-02
-2.003109993403007216e-02
-1.629432174278555578e-02
-1.556844547542302060e-02
-2.071338406025180490e-02
-1.999085805132816418e-02
-1.670906384551007484e-02
-1.593689390871566580e-02
-2.939997739459920822e-02
-2.292168732626986838e-02
-1.156201818469448916e-02
-2.352755240048542973e-02
-2.280662803191968457e-02
-1.718813017255493847e-02
-1.468934436329472071e-02
-2.259119752020866123e-02
-1.355354489366256132e-02
-1.486805806323210355e-02
-2.174121232892356481e-02
-1.448988990628885531e-02
-1.605385852000029701e-02
-1.599807607111114471e-02
-1.943410934583278404e-02
-1.987423726386139400e-02
-1.739698231270003781e-02
-1.655320650352676282e-02
-3.228451060310200127e-02
-2.719616083933251716e-02
-2.985496677991483772e-02
-1.630298678899078091e-02
-1.734029653217672440e-02
-2.880897805979354409e-02
-1.886119366510730089e-02
-2.354474933769501455e-02
-2.827170329965777995e-02
-2.160042314904098149e-02
-2.055169285813329694e-02
-1.456426311489145142e-02
-2.671277254092263576e-02
-2.071835929488008432e-02
-2.440650935171961855e-02
-1.756439554084532340e-02
-3.145238611507927828e-02
-2.443829826841659170e-02
-1.769443351260524544e-02
-2.451087168744203737e-02
-8.307916593638609015e-03
-1.281710124743473678e-02
-1.908262898754364834e-02
-2.698191335040633909e-02
-1.224278323161254178e-02
-1.458245848896533303e-02
-1.976865480542877584e-02
-2.389306057117845938e-02
-2.750809727803593674e-02
-2.213233665019864738e-02
-2.986979309824966400e-02
-2.764829093761789203e-02
-1.741905012963229638e-02
-2.450159267975871025e-02
-2.200576627485983927e-02
-1.946271468790450321e-02
-2.731631853119820263e-02
-2.628705027303679387e-02
-2.221462649434391423e-02
-1.718222406096536758e-03
-2.770566149252107202e-02
-1.386501701667608444e-02
-1.646100202958233893e-02
-3.069134941071149925e-02
-2.132226432872053046e-02
-1.262858020170476436e-02
-2.542013684316457578e-02
-1.492415604320629363e-02
-1.518462955646726620e-02
-1.966058826519390124e-02
-1.419769894968059276e-02
-2.033778699743460372e-02
-1.613391727068225201e-02
-1.967302130991899212e-02
-1.155789710004873072e-02
-1.520046806177499654e-02
-1.945782108517701836e-02
-2.014247195642293597e-02
-1.783970839928539220e-02
-2.033964985752279020e-02
-9.007384672584661800e-03
-2.277578892132869903e-02
